GRT_DTW_Model_File_V2.0
Trained: 1
UseScaling: 0
NumInputDimensions: 14
NumOutputDimensions: 0
NumTrainingIterationsToConverge: 0
MinNumEpochs: 0
MaxNumEpochs: 100
ValidationSetSize: 20
LearningRate: 0.1
MinChange: 1e-05
UseValidationSet: 0
RandomiseTrainingOrder: 1
UseNullRejection: 1
ClassifierMode: 1
NullRejectionCoeff: 3
NumClasses: 2
NullRejectionThresholds:  2897.93 4735.78
ClassLabels:  1 2
DistanceMethod: 1
UseSmoothing: 0
SmoothingFactor: 5
UseZNormalisation: 0
OffsetUsingFirstSample: 0
ConstrainWarpingPath: 1
Radius: 0.2
RejectionMode: 0
NumberOfTemplates: 2
OverallAverageTemplateLength: 202
***************TEMPLATE***************
Template: 1
ClassLabel: 1
TimeSeriesLength: 188
TemplateThreshold: 2897.93
TrainingMu: 1706.96
TrainingSigma: 396.99
AverageTemplateLength: 193
TimeSeries: 
-0.000976562	-0.263184	1.01221	-0.264879	-0.017453	1.3231	-1	1	-10	-23	-6	-1	-1	0	
0.0131836	-0.279297	1.01758	-0.267419	-0.0168681	1.32065	2	1	8	1	-2	-2	-1	-2	
0.00830078	-0.272949	1.01367	-0.269244	-0.0158645	1.31886	-1	-2	3	2	2	2	0	-1	
0.00488281	-0.274414	0.997559	-0.270681	-0.0149097	1.31747	0	2	5	-6	-2	-2	-1	0	
0.012207	-0.260742	0.994141	-0.271633	-0.0144351	1.31674	0	-1	-11	-5	-1	0	2	-2	
0.0229492	-0.285645	0.997559	-0.27295	-0.0138713	1.31572	3	-1	2	1	0	0	-2	3	
0.0170898	-0.29248	0.998535	-0.273722	-0.0126746	1.31422	-3	-1	5	-2	-1	-2	3	15	
0.0151367	-0.276367	0.973633	-0.274098	-0.011918	1.31307	0	-4	-11	10	3	1	-2	0	
0.0253906	-0.273926	0.967285	-0.274935	-0.0117371	1.31206	-3	0	-1	-1	0	-1	-1	-1	
0.0307617	-0.291504	0.978516	-0.276543	-0.0115876	1.31081	2	1	12	1	0	0	1	-1	
0.0205078	-0.289551	0.977539	-0.278033	-0.0110896	1.30951	0	-2	-10	-9	-1	-1	-2	3	
0.0126953	-0.293945	0.973145	-0.279716	-0.0104837	1.30791	-1	5	21	2	0	0	0	0	
0.0146484	-0.284668	0.975586	-0.281339	-0.0103514	1.30668	-1	-6	-22	5	0	-3	-1	2	
0.0185547	-0.290039	0.972168	-0.282802	-0.0105982	1.30563	-2	0	-2	0	0	-1	-1	1	
0.019043	-0.298828	0.977051	-0.284355	-0.0109534	1.30462	3	0	-3	3	0	0	-1	-7	
0.0229492	-0.30127	0.972656	-0.286086	-0.0113577	1.3035	-1	0	6	-1	-1	0	-2	-3	
0.0234375	-0.309082	0.972656	-0.28807	-0.0117163	1.30222	-1	-5	5	7	-4	-4	-4	-5	
0.0200195	-0.303711	0.952148	-0.290341	-0.0120137	1.30114	-1	1	-7	-9	-2	-1	1	1	
0.027832	-0.312988	0.962891	-0.293125	-0.0129895	1.30006	-1	-1	5	-1	-1	-2	-1	-1	
0.0302734	-0.315918	0.959473	-0.296035	-0.0137516	1.29883	0	-1	-11	1	-1	-1	-6	-17	
0.0263672	-0.31543	0.977539	-0.298618	-0.014327	1.29737	3	3	-9	0	2	1	2	-2	
0.0195312	-0.306641	0.980469	-0.301079	-0.0144789	1.2963	-7	-4	6	1	-2	-1	-5	-6	
0.0200195	-0.302246	0.975586	-0.303053	-0.0150087	1.29523	0	1	5	2	0	1	-1	0	
0.0205078	-0.304199	0.978516	-0.305266	-0.0156489	1.29421	-2	-2	-6	-2	1	1	-1	1	
0.00976562	-0.299316	0.984375	-0.307188	-0.0164683	1.2935	-2	0	-3	15	2	0	0	-1	
0.012207	-0.29834	1.00293	-0.308768	-0.0172271	1.29289	0	0	2	-45	-10	-5	-4	-3	
0.00732422	-0.304199	0.981445	-0.310017	-0.0179102	1.29256	0	1	-2	11	0	-1	0	-1	
0.0141602	-0.311035	0.984863	-0.311391	-0.0187622	1.29224	-1	-2	-15	-13	-1	1	0	0	
0.0102539	-0.308594	0.973145	-0.312183	-0.0194442	1.29199	-3	-2	18	8	-1	-1	0	0	
0.0166016	-0.316895	0.990234	-0.313026	-0.0203647	1.29194	1	-1	-4	12	2	1	0	2	
0.0195312	-0.320312	0.987305	-0.313917	-0.0209476	1.29184	-2	0	-1	-1	-1	-2	0	-2	
0.0209961	-0.320312	0.974609	-0.314693	-0.0211815	1.29169	1	-1	-5	-2	-1	-2	-2	-1	
0.0209961	-0.314941	0.97998	-0.315202	-0.0213096	1.2913	-3	2	-4	-6	1	0	-1	0	
0.0175781	-0.32373	0.97998	-0.315722	-0.0213963	1.29123	1	1	4	5	2	1	-2	-1	
0.0234375	-0.317383	0.980469	-0.315722	-0.0213963	1.29123	-1	-4	-4	-8	-6	-2	-2	2	
0.0268555	-0.324707	0.979004	-0.315722	-0.0213963	1.29123	0	1	4	5	-3	-3	-6	-18	
0.0317383	-0.320312	0.976562	-0.315825	-0.0213511	1.29109	0	-2	0	-7	-3	0	1	0	
0.0307617	-0.320801	0.973145	-0.315861	-0.021028	1.29087	-2	-3	4	7	0	2	2	0	
0.0361328	-0.314453	0.977051	-0.315787	-0.0209587	1.2907	-1	1	0	2	2	0	1	-1	
0.0336914	-0.319824	0.967285	-0.315976	-0.0208286	1.29054	-2	-7	-17	-7	0	0	2	3	
0.0229492	-0.312012	0.958984	-0.31595	-0.0204217	1.29032	0	-1	7	8	0	0	-1	-1	
0.012207	-0.309082	0.961426	-0.315873	-0.0203253	1.29029	-2	-4	-14	-7	-1	-1	0	2	
0.0117188	-0.328613	0.969238	-0.315873	-0.0203253	1.29029	1	0	2	1	1	1	0	-2	
0.0180664	-0.321777	0.958008	-0.316113	-0.0205728	1.29069	3	4	20	-20	-5	0	1	7	
0.0175781	-0.331055	0.962891	-0.31619	-0.0206693	1.29071	-6	-6	-21	-1	-2	0	-3	-6	
0.0219727	-0.322754	0.962402	-0.31701	-0.0210602	1.29119	3	2	13	8	1	1	1	1	
0.0249023	-0.341309	0.967285	-0.318271	-0.0213863	1.29187	-2	-3	-14	0	1	0	-1	1	
0.0332031	-0.338867	0.964355	-0.318903	-0.0219063	1.29251	0	-4	-6	5	-1	1	2	0	
0.0366211	-0.342773	0.962891	-0.319674	-0.0220582	1.29279	-1	6	18	-6	0	-1	0	-2	
0.0419922	-0.330078	0.973145	-0.320457	-0.0220558	1.29288	-1	-1	2	-2	1	1	0	0	
0.0400391	-0.335449	0.970703	-0.321546	-0.0218913	1.29269	1	-5	-3	10	1	-2	-1	1	
0.0439453	-0.331055	0.977051	-0.322345	-0.0219294	1.29266	-1	3	9	-6	-2	-2	-1	-1	
0.0463867	-0.32373	0.974121	-0.322589	-0.0220922	1.29241	-2	-3	-11	-8	-3	-2	-1	0	
0.0458984	-0.312988	0.978027	-0.322503	-0.0220662	1.29192	2	0	-3	13	1	0	1	-3	
0.0415039	-0.313965	0.978516	-0.322281	-0.0218879	1.29125	1	2	5	-3	-2	-1	1	0	
0.0327148	-0.314453	0.96582	-0.322058	-0.0215704	1.29023	-5	-4	-9	4	2	-1	1	2	
0.0292969	-0.30127	0.963379	-0.321753	-0.0219404	1.28933	0	1	5	10	2	0	1	-1	
0.0249023	-0.320312	0.972168	-0.321867	-0.02247	1.28835	-1	2	-9	-25	-6	-3	-4	-2	
0.0219727	-0.326172	0.976562	-0.321842	-0.0228195	1.28734	2	0	1	9	-2	-2	-2	-4	
0.0239258	-0.324219	0.966797	-0.32155	-0.0230627	1.2861	-2	-3	-6	-10	-2	0	-1	3	
0.0209961	-0.315918	0.951172	-0.32136	-0.0232336	1.28486	1	-2	-2	-7	-1	-1	0	0	
0.0288086	-0.328613	0.95459	-0.322032	-0.0235574	1.28346	-1	-2	5	12	-1	-2	-1	-1	
0.0327148	-0.325195	0.950684	-0.322564	-0.0236739	1.28217	-1	2	-3	-13	1	2	1	-2	
0.0209961	-0.325684	0.936523	-0.32364	-0.0231097	1.28068	-1	-2	-1	14	2	-1	0	2	
0.0102539	-0.324219	0.941895	-0.325083	-0.022416	1.27921	-1	-2	4	-2	0	-1	-4	-12	
-0.000488281	-0.325684	0.946777	-0.326803	-0.0216218	1.27807	5	1	10	-2	-1	-1	1	0	
0.00244141	-0.340332	0.955566	-0.328903	-0.0212855	1.27721	-3	3	-1	-3	0	-2	0	1	
0	-0.341309	0.937988	-0.33105	-0.0211596	1.27671	-3	-1	1	3	-2	-3	-1	-3	
0.00537109	-0.356934	0.951172	-0.333892	-0.0210941	1.27646	0	-2	-9	-4	0	0	0	0	
0.00927734	-0.366699	0.951172	-0.337011	-0.0209254	1.27655	2	0	-1	3	1	-1	-1	-1	
0.019043	-0.365723	0.946777	-0.340141	-0.021313	1.27705	-3	1	-1	-6	-1	1	-2	-2	
0.0234375	-0.391113	0.932129	-0.344685	-0.0217508	1.27746	-1	0	-2	6	1	0	0	0	
0.0317383	-0.428711	0.93457	-0.352284	-0.0219818	1.27657	2	-2	3	-8	-1	-3	-1	4	
0.0708008	-0.395996	0.933594	-0.359398	-0.0220574	1.27421	-4	-1	4	0	0	1	-1	-3	
0.0620117	-0.364746	0.940918	-0.365402	-0.0214303	1.27206	0	-3	-1	2	0	-1	-1	-1	
0.0478516	-0.346191	0.944336	-0.370141	-0.0207236	1.27014	2	-2	4	-16	-4	-3	-5	-3	
0.0458984	-0.34375	0.96582	-0.374618	-0.0201859	1.26871	-6	-2	-2	14	4	1	1	2	
0.0546875	-0.344727	0.98584	-0.379276	-0.0201486	1.26709	-1	0	-3	-15	-3	-3	-3	-3	
0.0585938	-0.35791	0.993652	-0.383115	-0.0203658	1.26494	-3	0	-4	-6	-2	0	1	-1	
0.0429688	-0.362305	0.969238	-0.385548	-0.0210095	1.26267	-2	0	-3	19	-1	-2	0	-4	
0.0263672	-0.344238	0.962891	-0.386976	-0.0223594	1.26054	3	2	3	-3	-1	0	1	2	
0.0185547	-0.362305	0.975586	-0.388478	-0.0244416	1.25844	-2	-2	-3	10	3	2	1	1	
0.0253906	-0.376465	0.973145	-0.389702	-0.0266704	1.25587	0	-1	-10	-7	-1	-2	0	1	
0.0322266	-0.388184	0.96582	-0.390701	-0.0285806	1.25242	-4	-8	-5	4	0	-1	-1	-1	
0.0322266	-0.388672	0.962402	-0.391249	-0.0301416	1.24871	4	5	11	-2	0	1	0	4	
0.0356445	-0.379883	0.94873	-0.391361	-0.0319675	1.24497	-1	0	-13	9	3	0	-1	1	
0.0483398	-0.387695	0.959473	-0.39168	-0.0336891	1.2411	2	2	9	-8	-3	0	0	2	
0.0581055	-0.400391	0.959473	-0.391746	-0.0348397	1.23632	0	-1	-4	-2	0	0	1	0	
0.0649414	-0.393066	0.959961	-0.391191	-0.0355417	1.2306	-2	-3	-8	-1	-1	1	0	-1	
0.0551758	-0.379395	0.959961	-0.390026	-0.0360869	1.22461	-1	0	-1	-2	-2	-3	1	4	
0.043457	-0.392578	0.967773	-0.389207	-0.0362212	1.21875	4	-4	4	4	0	-1	0	-4	
0.0629883	-0.387695	0.985352	-0.387357	-0.0360792	1.21329	-2	8	-4	-2	0	1	0	0	
0.0454102	-0.381348	0.982422	-0.383364	-0.0354121	1.20893	-2	1	7	-12	-1	-2	-2	-5	
0.0219727	-0.376953	0.969727	-0.379534	-0.0346468	1.20502	1	-2	1	7	-4	-3	-1	-4	
-0.00927734	-0.370117	0.95752	-0.376354	-0.033895	1.20125	-2	-5	-7	-1	-2	0	-2	0	
-0.00488281	-0.367676	0.954102	-0.373561	-0.0339292	1.1974	-1	-2	1	0	0	0	0	-1	
0.00341797	-0.37207	0.937988	-0.371008	-0.0349216	1.19376	1	1	-1	3	0	-1	0	-1	
0.0166016	-0.37793	0.939941	-0.368276	-0.0360679	1.19016	-4	-2	-1	-7	0	-1	-1	-2	
0.0107422	-0.360352	0.930176	-0.365685	-0.0368075	1.18634	-5	-6	-4	10	3	2	1	0	
0.0117188	-0.364746	0.920898	-0.364348	-0.0376388	1.18244	1	4	2	0	-3	0	-3	-1	
0.019043	-0.380859	0.931641	-0.364082	-0.0385036	1.17856	-6	-6	1	0	-3	-3	0	2	
0.0288086	-0.384766	0.921387	-0.364231	-0.0393582	1.17456	-2	0	1	8	2	1	0	0	
0.0361328	-0.383301	0.929688	-0.364507	-0.0396491	1.17094	-1	-1	0	-9	-2	-1	0	-2	
0.0429688	-0.383301	0.933594	-0.365274	-0.0397155	1.16765	-1	-4	-7	10	1	0	-1	0	
0.0488281	-0.387207	0.931641	-0.366802	-0.0395145	1.16471	1	1	-7	-4	-2	-2	-2	-2	
0.0527344	-0.375488	0.937988	-0.367952	-0.0393652	1.16202	-1	0	0	-2	-1	-3	1	-1	
0.0517578	-0.368652	0.937012	-0.369024	-0.0392496	1.15964	-1	2	-1	-3	1	2	-3	2	
0.0522461	-0.365723	0.933105	-0.370496	-0.0397445	1.15729	0	2	5	-3	0	1	2	6	
0.0532227	-0.363281	0.94043	-0.372028	-0.0403934	1.15467	2	0	12	6	-3	-1	-1	-2	
0.0605469	-0.367188	0.95166	-0.373294	-0.041474	1.15136	-2	-3	-12	-14	0	1	0	0	
0.0722656	-0.359375	0.960938	-0.37366	-0.0431191	1.14747	-1	3	1	-2	-1	-2	0	-1	
0.0795898	-0.350098	0.975098	-0.373861	-0.0451281	1.1429	-1	-5	2	-3	2	1	2	2	
0.0620117	-0.327637	1.02197	-0.371714	-0.0465058	1.1361	0	2	2	0	0	0	-1	-1	
0.0361328	-0.326172	1.06055	-0.369323	-0.0470411	1.12721	0	-2	1	3	-3	-2	-2	-3	
-0.00292969	-0.320801	1.16309	-0.364105	-0.0430851	1.11707	-2	1	3	-2	-1	-1	-3	0	
-0.0292969	-0.305664	1.20947	-0.356461	-0.0337108	1.10448	0	-2	-5	-5	-3	-5	-2	-6	
-0.0786133	-0.308105	1.26123	-0.346308	-0.0173674	1.0889	0	0	-6	2	0	0	-1	0	
-0.132812	-0.32959	1.30029	-0.334362	0.006859	1.07392	1	-1	1	5	-1	-1	-2	-2	
-0.171875	-0.326172	1.26172	-0.318458	0.038136	1.05996	0	2	5	-10	-2	-1	1	-1	
-0.197754	-0.284668	1.24707	-0.299383	0.0731133	1.0463	2	0	-3	6	0	-1	0	-2	
-0.187012	-0.291992	1.22021	-0.278179	0.11454	1.031	0	-1	-3	-7	2	0	-1	1	
-0.244629	-0.334961	1.07812	-0.257378	0.159253	1.01572	1	-2	-6	2	1	2	1	2	
-0.285645	-0.31543	0.990723	-0.235335	0.202548	1.00333	-2	-2	13	2	-1	-1	-1	-2	
-0.289551	-0.286133	0.944336	-0.212009	0.243058	0.995346	-1	0	-2	6	2	1	-1	-1	
-0.293945	-0.322266	0.879395	-0.189563	0.280043	0.990593	-2	1	-7	-10	-3	-2	0	-1	
-0.290039	-0.313477	0.847656	-0.17182	0.312584	0.988511	-1	0	0	-4	-2	0	0	0	
-0.291992	-0.305664	0.828125	-0.154814	0.341156	0.989943	0	-2	-2	9	1	-1	0	0	
-0.289062	-0.313477	0.798828	-0.137694	0.365776	0.996196	0	-1	-7	-13	-3	1	0	-3	
-0.282715	-0.249023	0.791016	-0.119022	0.385671	1.00777	-3	0	-4	4	2	1	0	-1	
-0.276855	-0.212891	0.802734	-0.100556	0.402018	1.02301	0	-1	4	2	-3	-3	-2	-2	
-0.279297	-0.19873	0.797852	-0.0839782	0.415734	1.03943	0	0	3	0	-1	0	0	-1	
-0.314453	-0.172852	0.795898	-0.06962	0.426736	1.0572	-3	0	5	0	0	1	0	0	
-0.336426	-0.15332	0.738281	-0.0573687	0.432242	1.07754	0	-3	-2	2	0	0	0	-2	
-0.313477	-0.0869141	0.708008	-0.0445861	0.429998	1.10072	2	0	-2	-5	0	1	-1	-2	
-0.296387	-0.105469	0.738281	-0.0370748	0.42167	1.12464	0	0	-8	10	1	-1	0	-1	
-0.294434	-0.123047	0.746094	-0.0333704	0.408369	1.14902	1	2	2	-2	0	0	-2	0	
-0.316406	-0.132324	0.738281	-0.0319874	0.389428	1.17575	-2	-3	1	-6	-2	-4	-4	-2	
-0.320312	-0.0791016	0.733398	-0.0295708	0.363276	1.20631	-5	-3	-10	3	3	1	0	1	
-0.25293	-0.0610352	0.730469	-0.0293605	0.329128	1.23935	0	0	1	-5	-2	0	-2	-1	
-0.185547	-0.0405273	0.819824	-0.0316424	0.289512	1.27291	-1	-1	-2	7	0	-1	0	0	
-0.187012	-0.0668945	0.953125	-0.0319581	0.247031	1.30768	0	0	0	-13	-7	-3	-2	-3	
-0.179199	-0.103027	0.980469	-0.0355042	0.203372	1.34434	-1	-1	3	-1	0	-1	0	2	
-0.109863	-0.0908203	0.995117	-0.0395538	0.157738	1.38329	-1	-2	-4	1	1	1	0	-1	
-0.0625	0.019043	1.02197	-0.0388976	0.113715	1.42369	-3	1	4	7	2	0	1	-2	
-0.0161133	0.0664062	1.08643	-0.0420483	0.074233	1.46121	1	0	-6	-3	3	1	1	2	
0.0380859	-0.263672	1.44922	0.0372061	0.0318912	1.4644	2	0	1	-9	-6	-2	-1	-2	
0.594727	0.648926	2.56152	0.0462796	0.0287699	1.50336	-3	-2	2	-1	-3	-2	-1	-1	
0.0249023	0.487793	0.541504	0.0600924	0.0499324	1.51045	-1	-5	0	-6	-1	0	0	-2	
-0.276855	0.475098	0.919434	0.0585318	0.0599785	1.50256	1	-1	1	9	3	1	-1	0	
-0.0498047	0.00732422	1.0542	0.0353427	0.0581603	1.49643	-1	0	4	9	2	1	0	-1	
-0.196777	-0.218262	0.999512	0.015011	0.0569877	1.49407	0	-2	-5	-13	-3	-3	-1	0	
-0.103516	-0.102051	0.955566	0.0135902	0.0511442	1.494	0	3	-12	3	-1	-3	-1	0	
-0.0224609	0.14209	0.929688	0.0191935	0.043095	1.4911	1	1	9	-12	-1	0	0	-2	
0.0170898	-0.0180664	0.963867	0.00954432	0.0358264	1.48619	-6	-1	-7	0	-1	1	-1	-1	
0.0371094	-0.190918	0.970703	-0.00172969	0.0331872	1.48211	2	2	-2	0	-3	-2	-1	-1	
0.0341797	-0.0957031	0.925293	-0.00687323	0.0333875	1.48006	0	-2	2	0	-2	-1	-1	0	
0.0698242	-0.0507812	0.814453	-0.0121706	0.0317594	1.47915	-1	-2	-10	-2	0	-2	-1	-3	
0.144043	-0.137207	0.898926	-0.025899	0.0272241	1.47756	0	-2	-3	4	2	1	-1	1	
0.125488	-0.177246	0.97168	-0.0406157	0.0271974	1.47577	-2	0	-1	-7	0	0	-2	1	
0.0678711	-0.125488	0.968262	-0.0518389	0.0328014	1.47215	0	-4	4	-2	-2	-1	-1	-3	
0.0366211	-0.081543	0.938965	-0.0626627	0.0406339	1.46555	2	-2	-6	9	-1	-2	0	-1	
0.0405273	-0.0678711	0.856934	-0.080392	0.0451336	1.45812	0	1	5	-3	-1	-3	0	-1	
0.0112305	-0.183594	0.967773	-0.100133	0.0484109	1.45181	-2	1	-5	5	1	2	1	2	
-0.0268555	-0.137207	0.992676	-0.115827	0.0517975	1.44667	1	0	5	-12	-1	0	-2	0	
-0.0136719	-0.0385742	0.978027	-0.129114	0.0534823	1.438	-2	-4	-3	15	-1	-1	-1	0	
0.0112305	-0.114746	1.01318	-0.149167	0.053321	1.42617	-1	0	0	3	2	0	0	-1	
-0.0668945	-0.171387	0.985352	-0.170946	0.0519734	1.41277	0	-3	-5	2	-1	-4	-3	-3	
-0.141113	-0.157715	1.01465	-0.188479	0.0476112	1.39997	-4	2	2	-4	-1	0	0	0	
-0.120117	-0.12207	1.03125	-0.205213	0.0396854	1.38704	-2	-1	3	-7	-2	0	-2	-2	
-0.0722656	-0.187012	1.02832	-0.22476	0.0294279	1.37267	1	-1	-7	1	1	0	0	1	
-0.0234375	-0.222656	1.01123	-0.244031	0.0163921	1.35715	0	-2	-2	2	-1	-1	-1	-1	
-0.0385742	-0.292969	1.06299	-0.261542	0.00381961	1.34288	1	-1	0	-1	-1	1	1	-2	
-0.0454102	-0.287598	1.09717	-0.274791	-0.0074257	1.33093	1	1	2	-4	-1	-1	-1	-1	
-0.0224609	-0.296875	1.07861	-0.286418	-0.0174208	1.32077	-3	-3	0	-3	-2	0	0	-2	
0.0151367	-0.286133	1.03955	-0.296983	-0.02763	1.31214	0	-1	-1	-1	1	1	-1	-1	
0.0166016	-0.35791	1.06104	-0.309	-0.0358403	1.30484	-1	-1	-5	4	1	-1	1	4	
0.00146484	-0.350098	1.06299	-0.318272	-0.0418702	1.29834	0	-1	-4	7	2	1	2	3	
-0.0078125	-0.331543	1.06641	-0.325386	-0.0453578	1.29286	0	-2	1	-8	-2	-2	-3	-2	
0	-0.302246	1.02441	-0.331263	-0.0483466	1.2881	0	0	-5	-1	-4	-1	-3	-4	
0.0200195	-0.349121	1.0249	-0.33805	-0.0510951	1.28363	1	2	2	2	2	0	-1	3	
0.0297852	-0.334473	1.00244	-0.343399	-0.053362	1.27934	1	2	-2	-10	-5	-2	-1	-1	
0.0366211	-0.338379	1.03369	-0.34738	-0.054601	1.27527	1	0	8	-4	-2	-3	-1	-3	
0.0292969	-0.330078	0.996582	-0.350672	-0.0550591	1.27157	-2	-3	-1	5	-1	-2	3	3	
0.0410156	-0.356445	0.978516	-0.354809	-0.0553972	1.26801	-3	-1	1	9	2	1	1	-2	
0.050293	-0.350098	0.961426	-0.357472	-0.0560094	1.26457	-2	0	-2	-20	-2	0	0	1	
0.0566406	-0.373047	0.976074	-0.3603	-0.0559791	1.26132	-1	-2	3	2	-2	-3	-4	-3	
0.0649414	-0.382324	0.972656	-0.362791	-0.0554545	1.25825	1	4	9	-5	-1	0	0	-1	
0.0605469	-0.369141	0.958008	-0.364728	-0.0545263	1.25548	-3	-2	-8	5	1	0	-2	-2	
***************TEMPLATE***************
Template: 2
ClassLabel: 2
TimeSeriesLength: 160
TemplateThreshold: 4735.78
TrainingMu: 1893.87
TrainingSigma: 947.302
AverageTemplateLength: 212
TimeSeries: 
0.233887	-0.729004	0.671387	-0.843094	-0.221029	0.534539	-1	-1	-2	-6	-1	1	0	-1	
0.225098	-0.723633	0.666016	-0.842896	-0.222769	0.531874	1	3	11	9	2	0	0	0	
0.222168	-0.760742	0.660645	-0.8446	-0.223708	0.530785	1	1	-2	1	-2	-3	0	-3	
0.232422	-0.766113	0.649902	-0.846426	-0.224306	0.531353	-3	-1	2	-9	1	-1	1	1	
0.228516	-0.731934	0.651367	-0.846426	-0.224306	0.531353	0	-6	-20	0	1	1	0	1	
0.209961	-0.711426	0.637695	-0.846485	-0.225187	0.530959	0	0	14	-5	-1	-1	-2	-1	
0.225098	-0.737305	0.643066	-0.847603	-0.226698	0.530147	2	2	8	-1	1	0	0	1	
0.230469	-0.756348	0.649902	-0.848953	-0.227684	0.52983	-2	-3	-10	9	1	0	1	-1	
0.232422	-0.744629	0.649414	-0.849628	-0.227811	0.529082	-1	-1	1	1	0	-1	-2	0	
0.229004	-0.726562	0.666016	-0.849793	-0.227316	0.527507	-1	-5	-27	-7	-3	0	-1	1	
0.197754	-0.729492	0.646484	-0.849755	-0.227159	0.527561	1	-1	16	-6	0	-2	-1	-2	
0.22998	-0.73584	0.646973	-0.849688	-0.228325	0.529204	0	0	-3	4	-1	-2	-1	-1	
0.256348	-0.756836	0.674316	-0.849677	-0.229081	0.531077	1	-2	-2	-8	2	-1	-1	-3	
0.310547	-0.73584	0.668457	-0.848545	-0.229796	0.531704	-1	0	8	6	-4	-2	-1	-2	
0.254395	-0.73877	0.667969	-0.848765	-0.227882	0.530016	-2	-2	-4	5	-1	0	-1	0	
0.199219	-0.775879	0.632324	-0.850154	-0.224821	0.528882	1	3	-4	-8	-3	1	-3	0	
0.196777	-0.774414	0.616211	-0.851343	-0.222099	0.529376	-4	-3	2	-2	2	-3	-6	-2	
0.188965	-0.770508	0.606445	-0.853201	-0.219594	0.531918	0	3	5	0	1	-3	4	0	
0.202637	-0.758789	0.617188	-0.854637	-0.218269	0.535204	1	-3	2	0	-4	7	-2	-1	
0.206543	-0.729004	0.63916	-0.854652	-0.218192	0.538345	-2	-5	-16	-8	1	2	1	1	
0.225098	-0.719238	0.647461	-0.853714	-0.21976	0.541087	0	-1	14	5	3	-1	0	1	
0.242188	-0.73291	0.67334	-0.852995	-0.221704	0.542955	-2	-1	0	8	2	-1	0	0	
0.247559	-0.749512	0.680176	-0.852472	-0.222421	0.543865	-2	-2	-9	-4	-2	0	-1	0	
0.234863	-0.749023	0.685059	-0.851971	-0.221603	0.544046	-2	-3	13	4	0	0	-1	-1	
0.228516	-0.740234	0.650879	-0.851866	-0.220683	0.544273	-2	-3	2	3	-2	0	-1	-1	
0.225586	-0.740723	0.629883	-0.852458	-0.219875	0.544438	-2	-4	-7	-7	-3	-1	-1	1	
0.236328	-0.744141	0.623047	-0.853338	-0.219538	0.544484	0	0	4	-2	-1	-2	-1	-2	
0.22998	-0.749023	0.625488	-0.854052	-0.21887	0.544331	-1	-2	-9	5	1	1	1	-1	
0.229492	-0.746582	0.639648	-0.854081	-0.21847	0.543869	-1	0	-1	-5	-1	1	0	-2	
0.233398	-0.747559	0.64209	-0.854235	-0.218364	0.543441	0	2	2	4	2	1	0	-1	
0.229492	-0.742188	0.651367	-0.854237	-0.21846	0.542795	0	0	-2	2	-2	-1	-2	-1	
0.22168	-0.744141	0.654297	-0.854525	-0.218506	0.542193	-1	-3	-1	-8	3	1	0	-1	
0.220703	-0.746094	0.651855	-0.854989	-0.218436	0.541854	-1	2	3	5	-1	-1	-1	-1	
0.21582	-0.754883	0.65332	-0.854989	-0.218436	0.541854	0	-1	-1	2	4	-1	1	-1	
0.216797	-0.746582	0.641602	-0.854989	-0.218436	0.541854	1	-1	-6	-3	-1	-4	-2	-1	
0.217773	-0.749023	0.643066	-0.854989	-0.218436	0.541854	-1	1	0	15	3	2	2	-1	
0.221191	-0.746094	0.644531	-0.855248	-0.218395	0.542448	-1	0	-2	-20	-8	-4	-5	-2	
0.217773	-0.749023	0.647461	-0.855341	-0.218294	0.542974	-4	-1	4	-4	-1	1	2	1	
0.219727	-0.742676	0.648926	-0.855234	-0.21838	0.543543	-3	-4	-3	-2	-1	1	-1	-1	
0.228027	-0.734863	0.63916	-0.855191	-0.218707	0.544104	0	2	-2	6	-1	0	-1	1	
0.227539	-0.745605	0.643066	-0.855434	-0.218712	0.544577	2	1	-2	1	1	0	1	0	
0.224121	-0.753418	0.64502	-0.855541	-0.218412	0.544873	2	9	2	-4	-4	-2	-1	-2	
0.22168	-0.753418	0.63916	-0.855819	-0.217959	0.54486	-6	-11	-4	3	-2	2	0	-1	
0.220703	-0.746582	0.646484	-0.855665	-0.217547	0.544211	1	3	-1	-9	-3	-3	-2	-3	
0.22168	-0.741211	0.647949	-0.855344	-0.217075	0.543495	1	-1	3	3	1	0	1	0	
0.224121	-0.737305	0.648926	-0.855078	-0.216713	0.542846	0	-5	-3	-2	-1	-1	-1	0	
0.230469	-0.741211	0.647949	-0.854876	-0.216593	0.542187	-1	-1	-4	2	1	0	0	1	
0.224609	-0.742676	0.647949	-0.854834	-0.216401	0.541671	-1	10	3	-7	-3	-2	0	0	
0.220703	-0.751953	0.646484	-0.855096	-0.215995	0.541539	2	-13	-5	5	4	2	-2	-2	
0.216309	-0.744629	0.645508	-0.855096	-0.215995	0.541539	-11	0	2	-1	-3	1	1	0	
0.213379	-0.74707	0.641113	-0.855529	-0.215531	0.541692	2	-2	-1	3	0	-1	-1	-1	
0.213379	-0.742188	0.640625	-0.855937	-0.214982	0.5418	-3	4	0	0	-1	0	0	0	
0.210938	-0.750977	0.645508	-0.856419	-0.214226	0.541964	2	8	0	-1	-2	-3	0	0	
0.217773	-0.748535	0.647461	-0.856702	-0.213655	0.54217	5	-4	-1	-1	-2	1	-1	-2	
0.212402	-0.750488	0.647949	-0.857041	-0.212924	0.542311	-4	1	-3	0	2	2	1	-1	
0.212402	-0.739258	0.651367	-0.857157	-0.212293	0.542451	-4	-7	-3	-3	-1	-2	0	0	
0.213867	-0.745117	0.648438	-0.857497	-0.211562	0.542592	0	4	1	4	0	1	1	2	
0.216309	-0.744629	0.646484	-0.857947	-0.211051	0.542864	-1	-4	-3	-1	-1	0	-3	0	
0.210938	-0.753418	0.647949	-0.858851	-0.210431	0.543465	0	2	2	-5	0	-2	0	-1	
0.209961	-0.749512	0.641113	-0.859809	-0.209922	0.544133	3	-1	-1	-2	1	0	-1	-1	
0.208496	-0.751953	0.64209	-0.860911	-0.209386	0.544821	-3	4	-1	-2	1	0	0	-2	
0.209961	-0.755371	0.646973	-0.861837	-0.209121	0.545599	0	-2	-5	5	-2	-2	-2	-2	
0.204102	-0.763184	0.654297	-0.862637	-0.208833	0.546475	0	3	1	-8	-2	0	-1	-2	
0.208984	-0.763184	0.651855	-0.863169	-0.208548	0.547428	2	-2	1	-2	-5	-2	-2	-1	
0.212891	-0.760742	0.644043	-0.86374	-0.208572	0.548678	-4	-1	-1	3	2	-3	1	1	
0.217773	-0.755371	0.645996	-0.864238	-0.208802	0.549876	0	1	-1	4	1	0	0	0	
0.215332	-0.762207	0.643066	-0.864681	-0.208922	0.551007	1	1	0	-5	1	1	0	1	
0.219238	-0.766602	0.630371	-0.865403	-0.209169	0.551987	-2	-4	-3	-5	-3	-1	-2	-1	
0.206543	-0.774414	0.640137	-0.865403	-0.209169	0.551987	-1	-2	1	-3	-2	-2	-2	-1	
0.21875	-0.788086	0.643066	-0.86557	-0.209228	0.552054	0	0	-1	-7	-8	-4	-2	1	
0.247559	-0.77002	0.630859	-0.864989	-0.209806	0.551091	-4	-3	1	0	3	0	0	-2	
0.246582	-0.753906	0.613281	-0.864299	-0.210045	0.550214	-2	-5	-2	1	8	1	-2	1	
0.227539	-0.740723	0.619629	-0.864063	-0.209561	0.549234	-2	0	-2	-5	-7	-2	-1	-2	
0.211426	-0.755859	0.628906	-0.864356	-0.208607	0.548285	0	-2	-2	-59	-20	-8	-1	-1	
0.206055	-0.742676	0.631348	-0.86421	-0.207836	0.546909	-2	-2	-2	15	6	0	-1	0	
0.193359	-0.739258	0.640625	-0.863978	-0.2072	0.545579	-1	-1	0	-19	-10	0	1	-2	
0.197754	-0.737305	0.652832	-0.863681	-0.207054	0.544471	-6	-11	-2	33	6	1	-1	0	
0.202637	-0.746094	0.654297	-0.863353	-0.207034	0.543693	2	-2	0	-20	-19	-8	-2	-1	
0.208984	-0.742188	0.656738	-0.863299	-0.206924	0.543627	2	3	1	-6	-10	-5	-1	1	
0.208984	-0.751465	0.655273	-0.863156	-0.206949	0.543606	0	-2	-3	3	-4	-3	0	-2	
0.200195	-0.75293	0.654785	-0.863172	-0.206902	0.543726	0	0	0	-3	-6	-4	-1	-2	
0.203613	-0.753906	0.646484	-0.863118	-0.206792	0.54366	1	-2	-1	28	19	11	1	-3	
0.204102	-0.75	0.64209	-0.863118	-0.206792	0.54366	0	0	0	-14	-8	2	1	2	
0.210938	-0.75293	0.64209	-0.863172	-0.206902	0.543726	-1	-1	-1	-3	13	4	0	-1	
0.216797	-0.755371	0.643066	-0.863156	-0.206949	0.543606	-1	1	1	10	17	6	2	1	
0.21875	-0.753906	0.635254	-0.863087	-0.207558	0.543609	-2	-4	1	11	-17	-15	-4	-3	
0.214355	-0.750488	0.636719	-0.863328	-0.20805	0.543349	3	0	-1	-15	7	8	2	1	
0.217285	-0.759766	0.639648	-0.863769	-0.208358	0.543044	0	-1	1	27	7	0	0	0	
0.213379	-0.759277	0.647461	-0.863824	-0.208468	0.543111	0	1	1	-9	-16	-4	-1	0	
0.215332	-0.762207	0.649902	-0.863824	-0.208468	0.543111	-1	0	-3	0	5	0	0	0	
0.218262	-0.76416	0.652344	-0.863112	-0.20798	0.542571	0	4	-1	-20	3	1	-1	-2	
0.236816	-0.760254	0.680176	-0.86151	-0.206529	0.541228	-3	1	0	-2	7	-3	0	-2	
0.277832	-0.794922	0.684082	-0.858701	-0.203016	0.538072	-3	-7	-1	-23	-17	-2	-2	-3	
0.28418	-0.833496	0.703125	-0.856058	-0.19671	0.533225	0	-7	0	36	29	6	-1	1	
0.210449	-0.852539	0.738281	-0.85197	-0.184029	0.528794	-1	-3	0	5	-8	-6	5	2	
0.137207	-0.88623	0.803711	-0.848497	-0.163798	0.525984	0	1	-2	-5	4	6	-6	1	
0.15332	-0.894531	0.867676	-0.841172	-0.136694	0.522964	1	6	-1	-4	-4	-2	0	2	
0.0839844	-0.852539	0.910645	-0.827399	-0.101204	0.516589	1	-1	0	1	-9	-4	-3	-2	
-0.0288086	-0.804199	0.913574	-0.81331	-0.0585415	0.506353	-1	-3	-1	15	0	-7	-2	-1	
-0.129395	-0.814453	0.889648	-0.801976	-0.00886413	0.496106	-2	-4	-2	-16	-3	6	3	-1	
-0.204102	-0.838867	0.840332	-0.788104	0.0451629	0.489682	0	-1	1	-33	-8	-6	-2	0	
-0.140137	-0.733887	0.820801	-0.766814	0.1026	0.485132	0	-2	0	33	22	7	2	0	
-0.137207	-0.657715	0.804688	-0.74674	0.163752	0.480025	-1	0	1	10	-9	-2	-3	-1	
-0.269531	-0.732422	0.792969	-0.732273	0.227175	0.473045	-1	-2	1	11	-9	-6	0	-2	
-0.309082	-0.723145	0.665039	-0.710323	0.291348	0.473657	0	-1	-3	18	16	6	2	-2	
-0.349121	-0.495117	0.604004	-0.682974	0.351416	0.481393	-2	-1	-1	-21	-6	2	0	-2	
-0.267578	-0.506836	0.57666	-0.665764	0.404013	0.491298	0	1	-4	-4	3	-1	-3	-6	
-0.336914	-0.602051	0.595215	-0.653257	0.451781	0.504806	0	-2	-2	-25	-26	-14	-6	1	
-0.375977	-0.517578	0.540039	-0.635577	0.493119	0.523657	-1	-1	-2	-42	-8	2	2	-1	
-0.39502	-0.455078	0.523438	-0.61997	0.526357	0.546235	1	0	0	16	7	1	1	0	
-0.391602	-0.494629	0.574707	-0.610853	0.550825	0.567175	-3	-3	0	20	6	0	-2	0	
-0.397461	-0.536621	0.581055	-0.604814	0.568295	0.586671	-2	1	-1	-4	-4	-6	-2	-2	
-0.429688	-0.439941	0.580078	-0.597066	0.582538	0.607622	0	-1	-2	6	0	0	-3	-5	
-0.419434	-0.419434	0.574219	-0.593368	0.590716	0.626381	-1	-3	-2	-15	-1	2	0	1	
-0.416992	-0.473633	0.674316	-0.592978	0.593336	0.63968	0	1	0	-7	-6	-2	-1	-1	
-0.441406	-0.484863	0.676758	-0.593414	0.592066	0.647407	-1	-1	0	29	11	3	2	0	
-0.444824	-0.415039	0.67334	-0.592093	0.586208	0.654013	-2	-1	0	-12	-6	-5	-3	-4	
-0.392578	-0.411133	0.674316	-0.594063	0.574303	0.654943	-2	1	-3	3	-2	2	1	0	
-0.393555	-0.45752	0.723145	-0.598771	0.557878	0.64771	1	1	0	-3	0	0	0	-2	
-0.401367	-0.521973	0.734375	-0.605951	0.537779	0.634792	-1	-3	-2	-4	-8	-2	-2	1	
-0.419922	-0.497559	0.706543	-0.610745	0.516618	0.622242	0	-2	1	30	1	-3	-2	1	
-0.373535	-0.464355	0.693848	-0.614796	0.492967	0.610928	-1	-1	-1	-34	-5	0	0	-2	
-0.333984	-0.46582	0.708984	-0.621122	0.464547	0.597791	0	-3	1	16	8	6	3	-1	
-0.321777	-0.489258	0.731934	-0.632295	0.429345	0.578765	0	1	-2	-1	7	4	2	-2	
-0.331055	-0.569824	0.748047	-0.643614	0.3898	0.558943	-1	-1	-1	-14	-4	1	-1	1	
-0.334473	-0.589844	0.702637	-0.652571	0.346757	0.544044	1	-1	1	18	4	-1	-2	-1	
-0.286133	-0.548828	0.709961	-0.661947	0.301718	0.534456	-1	-1	-2	-19	-17	-8	-3	0	
-0.20752	-0.5	0.705566	-0.676241	0.251607	0.522417	-1	0	0	13	12	2	-1	-1	
-0.168945	-0.628906	0.73291	-0.693583	0.198979	0.507978	-1	0	0	21	12	7	3	1	
-0.207031	-0.743652	0.724121	-0.708015	0.147214	0.498843	-4	2	0	-13	-11	-4	-2	1	
-0.179688	-0.752441	0.695312	-0.72411	0.0974411	0.493754	0	2	0	-11	1	-2	-2	1	
-0.0932617	-0.70752	0.711426	-0.739569	0.0481494	0.486531	0	-2	-1	-2	-9	-1	-1	-2	
-0.0625	-0.674805	0.703125	-0.756559	-0.00301789	0.477388	0	2	-1	7	3	-2	-1	1	
0.0498047	-0.746582	0.749023	-0.776643	-0.0529005	0.470664	1	0	-1	7	-3	1	3	-1	
-0.0307617	-0.80957	0.803223	-0.797999	-0.0926831	0.469765	-2	-3	-1	-9	4	-1	-3	-3	
-0.043457	-0.883301	0.812988	-0.820044	-0.1255	0.468977	0	-3	-2	10	1	-1	-2	0	
0.0366211	-0.928223	0.802734	-0.838198	-0.149117	0.470266	1	1	-2	7	-3	-5	-4	-1	
0.0219727	-0.739746	0.756836	-0.851571	-0.165339	0.471372	-2	-4	-2	2	6	4	0	-3	
0.0351562	-0.875977	0.816406	-0.864531	-0.180277	0.472189	-2	-3	-1	2	3	3	2	0	
0.0522461	-0.973633	0.849121	-0.868115	-0.189956	0.474396	0	-2	-1	0	-4	-3	-6	2	
0.12207	-0.880371	0.801758	-0.865471	-0.193681	0.478529	-2	1	1	-8	0	-2	-1	-2	
0.170898	-0.793945	0.751953	-0.864782	-0.194005	0.481982	0	1	-1	0	-10	-5	-7	-1	
0.194824	-0.801758	0.725586	-0.866095	-0.190696	0.483691	0	1	-1	-13	-13	-3	-2	1	
0.200195	-0.783691	0.677734	-0.866026	-0.185353	0.48538	0	1	0	32	18	3	2	-3	
0.209961	-0.720215	0.645508	-0.865549	-0.180052	0.486456	1	0	-1	1	-2	0	0	0	
0.230957	-0.742676	0.633789	-0.866026	-0.176386	0.485894	0	0	-1	-13	-8	-3	-1	-2	
0.215332	-0.79834	0.62793	-0.867704	-0.172266	0.484945	0	-2	-1	19	3	0	0	0	
0.187012	-0.778809	0.609375	-0.868048	-0.167161	0.486419	-1	0	2	-41	-10	1	1	0	
0.191406	-0.724121	0.57666	-0.86809	-0.163959	0.489163	-3	0	0	-1	2	0	-1	1	
0.209961	-0.695801	0.576172	-0.868222	-0.164434	0.491211	0	2	0	11	5	0	0	1	
0.205078	-0.736816	0.590332	-0.869237	-0.166809	0.492273	1	1	0	-2	-6	-5	-2	-1	
0.189941	-0.762695	0.603027	-0.871582	-0.170011	0.492489	-2	-7	-3	5	1	-1	-1	-4	
0.181641	-0.791992	0.59668	-0.874604	-0.172536	0.492936	-3	-3	-3	5	4	1	0	-1	
0.175293	-0.796387	0.599121	-0.876191	-0.17573	0.494809	1	-1	0	-10	3	6	3	0	
0.204102	-0.753418	0.628906	-0.876288	-0.180428	0.497253	-1	2	2	23	10	2	-1	0	
0.214355	-0.778809	0.654785	-0.87725	-0.184037	0.498794	0	0	0	-17	-14	-5	-3	2	
0.205566	-0.787109	0.674805	-0.877756	-0.186058	0.499056	1	-3	-1	-24	-1	-1	-3	-1	
0.182617	-0.783203	0.671875	-0.878127	-0.186816	0.499089	-2	-3	-1	5	0	-3	-1	-2	
0.183105	-0.778809	0.663086	-0.877514	-0.187816	0.500001	-1	-2	-1	1	-5	-3	-2	-2	
0.205566	-0.756836	0.664062	-0.87582	-0.188865	0.500982	0	3	-1	-6	-4	0	1	-1	
